3 0.154 0.906
3 0.038 0.862
3 0.094 0.832
3 0.092 0.878
3 0.188 0.854
3 0.14 0.74
3 0.072 0.604
3 0.148 0.452
3 0.212 0.364
3 0.082 0.64
3 0.086 0.71
3 0.198 0.566
3 0.162 0.36
3 0.272 0.276
3 0.36 0.24
3 0.512 0.218
3 0.66 0.22
3 0.624 0.158
3 0.67 0.142
3 0.788 0.196
3 0.782 0.25
3 0.856 0.326
3 0.838 0.404
3 0.784 0.306
3 0.722 0.486
3 0.816 0.54
3 0.782 0.664
3 0.744 0.594
3 0.814 0.614
3 0.802 0.726
3 0.742 0.846
3 0.662 0.898
3 0.512 0.922
3 0.426 0.892
3 0.376 0.876
3 0.308 0.914
3 0.356 0.946
3 0.494 0.952
3 0.692 0.946
3 0.54 0.88
3 0.334 0.834
3 0.27 0.884
3 0.224 0.898
3 0.674 0.842
3 0.748 0.754
3 0.74 0.698
3 0.852 0.45
3 0.782 0.424
3 0.794 0.472
1 0.484 0.326
1 0.39 0.36
1 0.368 0.436
1 0.354 0.5
1 0.332 0.58
1 0.31 0.64
1 0.376 0.694
1 0.442 0.718
1 0.508 0.73
1 0.564 0.738
1 0.582 0.758
1 0.676 0.628
1 0.642 0.59
1 0.604 0.54
1 0.6 0.472
1 0.616 0.36
1 0.578 0.328
1 0.508 0.384
1 0.488 0.526
1 0.508 0.596
1 0.448 0.596
1 0.416 0.508
1 0.328 0.606
1 0.308 0.708
1 0.368 0.742
1 0.488 0.748
1 0.568 0.654
1 0.608 0.634
1 0.638 0.708
1 0.618 0.726
1 0.576 0.602
1 0.56 0.478
1 0.526 0.436
1 0.452 0.552
1 0.46 0.63
